{
 "cells": [
  {
   "cell_type": "code",
   "execution_count": 3,
   "id": "cc61d41c",
   "metadata": {},
   "outputs": [],
   "source": [
    "import pandas as pd\n",
    "import numpy as np\n",
    "from math import sqrt, log2"
   ]
  },
  {
   "cell_type": "code",
   "execution_count": 4,
   "id": "713dd473",
   "metadata": {},
   "outputs": [
    {
     "data": {
      "text/html": [
       "<div>\n",
       "<style scoped>\n",
       "    .dataframe tbody tr th:only-of-type {\n",
       "        vertical-align: middle;\n",
       "    }\n",
       "\n",
       "    .dataframe tbody tr th {\n",
       "        vertical-align: top;\n",
       "    }\n",
       "\n",
       "    .dataframe thead th {\n",
       "        text-align: right;\n",
       "    }\n",
       "</style>\n",
       "<table border=\"1\" class=\"dataframe\">\n",
       "  <thead>\n",
       "    <tr style=\"text-align: right;\">\n",
       "      <th></th>\n",
       "      <th>FT%</th>\n",
       "      <th>2P%</th>\n",
       "      <th>3P%</th>\n",
       "      <th>PPG</th>\n",
       "      <th>RPG</th>\n",
       "      <th>APG</th>\n",
       "      <th>SPG</th>\n",
       "      <th>BPG</th>\n",
       "      <th>TOPG</th>\n",
       "    </tr>\n",
       "  </thead>\n",
       "  <tbody>\n",
       "    <tr>\n",
       "      <th>0</th>\n",
       "      <td>0.589</td>\n",
       "      <td>0.457</td>\n",
       "      <td>0.362</td>\n",
       "      <td>8.6</td>\n",
       "      <td>6.8</td>\n",
       "      <td>1.1</td>\n",
       "      <td>0.52</td>\n",
       "      <td>0.56</td>\n",
       "      <td>1.18</td>\n",
       "    </tr>\n",
       "    <tr>\n",
       "      <th>1</th>\n",
       "      <td>0.544</td>\n",
       "      <td>0.557</td>\n",
       "      <td>0.000</td>\n",
       "      <td>7.2</td>\n",
       "      <td>9.9</td>\n",
       "      <td>3.2</td>\n",
       "      <td>0.82</td>\n",
       "      <td>0.76</td>\n",
       "      <td>1.55</td>\n",
       "    </tr>\n",
       "    <tr>\n",
       "      <th>2</th>\n",
       "      <td>0.754</td>\n",
       "      <td>0.549</td>\n",
       "      <td>0.000</td>\n",
       "      <td>19.0</td>\n",
       "      <td>10.3</td>\n",
       "      <td>3.5</td>\n",
       "      <td>1.50</td>\n",
       "      <td>0.78</td>\n",
       "      <td>2.70</td>\n",
       "    </tr>\n",
       "    <tr>\n",
       "      <th>3</th>\n",
       "      <td>0.873</td>\n",
       "      <td>0.580</td>\n",
       "      <td>0.311</td>\n",
       "      <td>13.5</td>\n",
       "      <td>5.6</td>\n",
       "      <td>0.9</td>\n",
       "      <td>0.31</td>\n",
       "      <td>1.02</td>\n",
       "      <td>0.93</td>\n",
       "    </tr>\n",
       "    <tr>\n",
       "      <th>4</th>\n",
       "      <td>0.722</td>\n",
       "      <td>0.434</td>\n",
       "      <td>0.311</td>\n",
       "      <td>12.8</td>\n",
       "      <td>3.3</td>\n",
       "      <td>2.8</td>\n",
       "      <td>0.82</td>\n",
       "      <td>0.38</td>\n",
       "      <td>1.70</td>\n",
       "    </tr>\n",
       "    <tr>\n",
       "      <th>...</th>\n",
       "      <td>...</td>\n",
       "      <td>...</td>\n",
       "      <td>...</td>\n",
       "      <td>...</td>\n",
       "      <td>...</td>\n",
       "      <td>...</td>\n",
       "      <td>...</td>\n",
       "      <td>...</td>\n",
       "      <td>...</td>\n",
       "    </tr>\n",
       "    <tr>\n",
       "      <th>235</th>\n",
       "      <td>0.545</td>\n",
       "      <td>0.536</td>\n",
       "      <td>0.339</td>\n",
       "      <td>7.4</td>\n",
       "      <td>4.5</td>\n",
       "      <td>2.2</td>\n",
       "      <td>0.90</td>\n",
       "      <td>0.20</td>\n",
       "      <td>0.94</td>\n",
       "    </tr>\n",
       "    <tr>\n",
       "      <th>236</th>\n",
       "      <td>0.781</td>\n",
       "      <td>0.643</td>\n",
       "      <td>0.317</td>\n",
       "      <td>7.6</td>\n",
       "      <td>2.0</td>\n",
       "      <td>0.9</td>\n",
       "      <td>0.53</td>\n",
       "      <td>0.16</td>\n",
       "      <td>0.65</td>\n",
       "    </tr>\n",
       "    <tr>\n",
       "      <th>237</th>\n",
       "      <td>0.616</td>\n",
       "      <td>0.564</td>\n",
       "      <td>0.382</td>\n",
       "      <td>18.0</td>\n",
       "      <td>10.2</td>\n",
       "      <td>2.3</td>\n",
       "      <td>0.76</td>\n",
       "      <td>0.98</td>\n",
       "      <td>1.86</td>\n",
       "    </tr>\n",
       "    <tr>\n",
       "      <th>238</th>\n",
       "      <td>0.900</td>\n",
       "      <td>0.504</td>\n",
       "      <td>0.379</td>\n",
       "      <td>28.0</td>\n",
       "      <td>3.8</td>\n",
       "      <td>9.5</td>\n",
       "      <td>0.98</td>\n",
       "      <td>0.11</td>\n",
       "      <td>4.00</td>\n",
       "    </tr>\n",
       "    <tr>\n",
       "      <th>239</th>\n",
       "      <td>0.734</td>\n",
       "      <td>0.624</td>\n",
       "      <td>0.000</td>\n",
       "      <td>10.2</td>\n",
       "      <td>8.4</td>\n",
       "      <td>1.5</td>\n",
       "      <td>0.52</td>\n",
       "      <td>1.03</td>\n",
       "      <td>1.60</td>\n",
       "    </tr>\n",
       "  </tbody>\n",
       "</table>\n",
       "<p>240 rows × 9 columns</p>\n",
       "</div>"
      ],
      "text/plain": [
       "       FT%    2P%    3P%   PPG   RPG  APG   SPG   BPG  TOPG\n",
       "0    0.589  0.457  0.362   8.6   6.8  1.1  0.52  0.56  1.18\n",
       "1    0.544  0.557  0.000   7.2   9.9  3.2  0.82  0.76  1.55\n",
       "2    0.754  0.549  0.000  19.0  10.3  3.5  1.50  0.78  2.70\n",
       "3    0.873  0.580  0.311  13.5   5.6  0.9  0.31  1.02  0.93\n",
       "4    0.722  0.434  0.311  12.8   3.3  2.8  0.82  0.38  1.70\n",
       "..     ...    ...    ...   ...   ...  ...   ...   ...   ...\n",
       "235  0.545  0.536  0.339   7.4   4.5  2.2  0.90  0.20  0.94\n",
       "236  0.781  0.643  0.317   7.6   2.0  0.9  0.53  0.16  0.65\n",
       "237  0.616  0.564  0.382  18.0  10.2  2.3  0.76  0.98  1.86\n",
       "238  0.900  0.504  0.379  28.0   3.8  9.5  0.98  0.11  4.00\n",
       "239  0.734  0.624  0.000  10.2   8.4  1.5  0.52  1.03  1.60\n",
       "\n",
       "[240 rows x 9 columns]"
      ]
     },
     "execution_count": 4,
     "metadata": {},
     "output_type": "execute_result"
    }
   ],
   "source": [
    "nba_whole_data=pd.read_excel('nbastat2021.xlsx', engine='openpyxl')\n",
    "nba_whole_data=nba_whole_data.rename(columns={'PPGPointsPoints per game.':'PPG','RPGReboundsRebounds per game.':'RPG',\n",
    "                     'APGAssistsAssists per game.':'APG','SPGStealsSteals per game.':'SPG', \n",
    "                    'BPGBlocksBlocks per game.':'BPG', 'TOPGTurnoversTurnovers per game.':'TOPG'})\n",
    "nba_data=nba_whole_data.iloc[:,4:-1]\n",
    "nba_data"
   ]
  },
  {
   "cell_type": "markdown",
   "id": "66126d66",
   "metadata": {},
   "source": [
    "# 1.1 "
   ]
  },
  {
   "cell_type": "code",
   "execution_count": 5,
   "id": "23d56867",
   "metadata": {},
   "outputs": [],
   "source": [
    "def cov(x,y):\n",
    "    return np.mean(x*y)-np.mean(x)*np.mean(y)"
   ]
  },
  {
   "cell_type": "code",
   "execution_count": 6,
   "id": "8d250f1f",
   "metadata": {},
   "outputs": [],
   "source": [
    "def cor(x,y):\n",
    "    return cov(x,y)/sqrt(np.var(x)*np.var(y))"
   ]
  },
  {
   "cell_type": "code",
   "execution_count": 7,
   "id": "09840b7f",
   "metadata": {},
   "outputs": [
    {
     "name": "stdout",
     "output_type": "stream",
     "text": [
      "7.22281545138889\n",
      "7.253036436541139\n",
      "------------------------------------\n",
      "0.6166738070992376\n",
      "0.6166738070992371\n"
     ]
    }
   ],
   "source": [
    "print(cov(nba_data['APG'],nba_data['PPG']))\n",
    "print(np.cov(nba_data['APG'],nba_data['PPG'])[0,1])\n",
    "print('------------------------------------')\n",
    "print(cor(nba_data['APG'],nba_data['PPG']))\n",
    "print(np.corrcoef(nba_data['APG'],nba_data['PPG'])[0,1])"
   ]
  },
  {
   "cell_type": "code",
   "execution_count": 8,
   "id": "e4edff55",
   "metadata": {},
   "outputs": [],
   "source": [
    "small_nba=nba_data.iloc[:,:3]"
   ]
  },
  {
   "cell_type": "code",
   "execution_count": 9,
   "id": "a5c1560a",
   "metadata": {},
   "outputs": [],
   "source": [
    "def mat(data,fun):\n",
    "    return [[fun(data[x],data[y]) for x in data] for y in data]"
   ]
  },
  {
   "cell_type": "code",
   "execution_count": 10,
   "id": "bcdcc51c",
   "metadata": {},
   "outputs": [
    {
     "data": {
      "text/plain": [
       "[[0.008236508263888997, -0.0021134275694444926, 0.0032596569444444667],\n",
       " [-0.0021134275694444926, 0.004751046597222308, -0.0024667472222221765],\n",
       " [0.0032596569444444667, -0.0024667472222221765, 0.010407497222222256]]"
      ]
     },
     "execution_count": 10,
     "metadata": {},
     "output_type": "execute_result"
    }
   ],
   "source": [
    "mat(small_nba,cov)"
   ]
  },
  {
   "cell_type": "code",
   "execution_count": 11,
   "id": "9b2bb3bf",
   "metadata": {},
   "outputs": [
    {
     "data": {
      "text/plain": [
       "[[1.000000000000013, -0.3378478459121142, 0.3520685041058872],\n",
       " [-0.3378478459121142, 1.000000000000018, -0.3507977919107701],\n",
       " [0.3520685041058872, -0.3507977919107701, 1.000000000000003]]"
      ]
     },
     "execution_count": 11,
     "metadata": {},
     "output_type": "execute_result"
    }
   ],
   "source": [
    "mat(small_nba,cor)"
   ]
  },
  {
   "cell_type": "code",
   "execution_count": 45,
   "id": "0173e1eb",
   "metadata": {},
   "outputs": [],
   "source": [
    "def my_cov_mat(data):\n",
    "    return mat(data,cov)\n",
    "def my_cor_mat(data):\n",
    "    return mat(data,cor)"
   ]
  },
  {
   "cell_type": "code",
   "execution_count": 48,
   "id": "a53d1e48",
   "metadata": {},
   "outputs": [
    {
     "data": {
      "text/plain": [
       "[[0.008236508263888997,\n",
       "  -0.0021134275694444926,\n",
       "  0.0032596569444444667,\n",
       "  0.14496427430555237,\n",
       "  -0.08041486111111062,\n",
       "  0.03818275347222233,\n",
       "  0.0015471628472222276,\n",
       "  -0.012868589930555507,\n",
       "  0.010356061111111092],\n",
       " [-0.0021134275694444926,\n",
       "  0.004751046597222308,\n",
       "  -0.0024667472222221765,\n",
       "  -0.043274975694445494,\n",
       "  0.06988597222222293,\n",
       "  -0.035169163194443964,\n",
       "  -0.004280287152777784,\n",
       "  0.014434651736111137,\n",
       "  -0.010143738888888643],\n",
       " [0.0032596569444444667,\n",
       "  -0.0024667472222221765,\n",
       "  0.010407497222222256,\n",
       "  0.09159861111111134,\n",
       "  -0.08853555555555537,\n",
       "  0.023552361111111253,\n",
       "  0.0008641527777777935,\n",
       "  -0.016479944444444394,\n",
       "  0.0031232638888889497],\n",
       " [0.14496427430555237,\n",
       "  -0.043274975694445494,\n",
       "  0.09159861111111134,\n",
       "  33.058999826388856,\n",
       "  5.196701388888897,\n",
       "  7.22281545138889,\n",
       "  0.6077330034722213,\n",
       "  0.2212706423611106,\n",
       "  3.989888611111109],\n",
       " [-0.08041486111111062,\n",
       "  0.06988597222222293,\n",
       "  -0.08853555555555537,\n",
       "  5.196701388888897,\n",
       "  6.1498888888888885,\n",
       "  0.7004097222222221,\n",
       "  0.08674097222222255,\n",
       "  0.6864965277777788,\n",
       "  0.8329111111111107],\n",
       " [0.03818275347222233,\n",
       "  -0.035169163194443964,\n",
       "  0.023552361111111253,\n",
       "  7.22281545138889,\n",
       "  0.7004097222222221,\n",
       "  4.149658159722222,\n",
       "  0.3713951909722226,\n",
       "  -0.13226550347222177,\n",
       "  1.4987394444444444],\n",
       " [0.0015471628472222276,\n",
       "  -0.004280287152777784,\n",
       "  0.0008641527777777935,\n",
       "  0.6077330034722213,\n",
       "  0.08674097222222255,\n",
       "  0.3713951909722226,\n",
       "  0.12752103993055564,\n",
       "  0.005664637152777874,\n",
       "  0.1351775277777778],\n",
       " [-0.012868589930555507,\n",
       "  0.014434651736111137,\n",
       "  -0.016479944444444394,\n",
       "  0.2212706423611106,\n",
       "  0.6864965277777788,\n",
       "  -0.13226550347222177,\n",
       "  0.005664637152777874,\n",
       "  0.19784395659722231,\n",
       "  0.020133305555555592],\n",
       " [0.010356061111111092,\n",
       "  -0.010143738888888643,\n",
       "  0.0031232638888889497,\n",
       "  3.989888611111109,\n",
       "  0.8329111111111107,\n",
       "  1.4987394444444444,\n",
       "  0.1351775277777778,\n",
       "  0.020133305555555592,\n",
       "  0.7804870555555552]]"
      ]
     },
     "execution_count": 48,
     "metadata": {},
     "output_type": "execute_result"
    }
   ],
   "source": [
    "my_cov_mat(nba_data)"
   ]
  },
  {
   "cell_type": "code",
   "execution_count": 47,
   "id": "80c83adf",
   "metadata": {},
   "outputs": [
    {
     "data": {
      "text/plain": [
       "[[1.000000000000013, -0.3378478459121142, 0.3520685041058872],\n",
       " [-0.3378478459121142, 1.000000000000018, -0.3507977919107701],\n",
       " [0.3520685041058872, -0.3507977919107701, 1.000000000000003]]"
      ]
     },
     "execution_count": 47,
     "metadata": {},
     "output_type": "execute_result"
    }
   ],
   "source": [
    "my_cor_mat(small_nba)"
   ]
  },
  {
   "cell_type": "markdown",
   "id": "ca9d2329",
   "metadata": {},
   "source": [
    "# 1.2"
   ]
  },
  {
   "cell_type": "code",
   "execution_count": 12,
   "id": "229fef98",
   "metadata": {},
   "outputs": [],
   "source": [
    "def cos_sim(x,y):\n",
    "    return np.sum(x*y)/np.linalg.norm(x)/np.linalg.norm(y)"
   ]
  },
  {
   "cell_type": "code",
   "execution_count": 13,
   "id": "84bb2380",
   "metadata": {},
   "outputs": [],
   "source": [
    "x,y=nba_data.loc[0],nba_data.loc[1]"
   ]
  },
  {
   "cell_type": "code",
   "execution_count": 14,
   "id": "8bb64bce",
   "metadata": {},
   "outputs": [
    {
     "data": {
      "text/plain": [
       "0.9525060747573828"
      ]
     },
     "execution_count": 14,
     "metadata": {},
     "output_type": "execute_result"
    }
   ],
   "source": [
    "cos_sim(x,y)"
   ]
  },
  {
   "cell_type": "code",
   "execution_count": 15,
   "id": "ef6abbdf",
   "metadata": {},
   "outputs": [
    {
     "data": {
      "text/plain": [
       "0.9525060747573827"
      ]
     },
     "execution_count": 15,
     "metadata": {},
     "output_type": "execute_result"
    }
   ],
   "source": [
    "from scipy.spatial import distance\n",
    "1- distance.cosine(x,y)"
   ]
  },
  {
   "cell_type": "code",
   "execution_count": 16,
   "id": "b61fddaa",
   "metadata": {},
   "outputs": [],
   "source": [
    "def mink_dis(x,y,r=2):\n",
    "    return np.linalg.norm(x-y,ord=r)"
   ]
  },
  {
   "cell_type": "code",
   "execution_count": 17,
   "id": "8d5cadff",
   "metadata": {},
   "outputs": [
    {
     "data": {
      "text/plain": [
       "4.048452667377995"
      ]
     },
     "execution_count": 17,
     "metadata": {},
     "output_type": "execute_result"
    }
   ],
   "source": [
    "mink_dis(x,y)"
   ]
  },
  {
   "cell_type": "code",
   "execution_count": 18,
   "id": "cf7caaac",
   "metadata": {},
   "outputs": [
    {
     "data": {
      "text/plain": [
       "4.048452667377995"
      ]
     },
     "execution_count": 18,
     "metadata": {},
     "output_type": "execute_result"
    }
   ],
   "source": [
    "distance.minkowski(x,y)"
   ]
  },
  {
   "cell_type": "code",
   "execution_count": 19,
   "id": "d6bb6ac9",
   "metadata": {},
   "outputs": [],
   "source": [
    "nba_cov=mat(nba_data, cov)\n",
    "def mah_dis(x,y,cov=nba_cov):\n",
    "    ret=np.transpose(x-y)@np.transpose(cov)@(x-y)\n",
    "    return ret**0.5"
   ]
  },
  {
   "cell_type": "code",
   "execution_count": 20,
   "id": "706c31af",
   "metadata": {},
   "outputs": [
    {
     "data": {
      "text/plain": [
       "8.066687895596901"
      ]
     },
     "execution_count": 20,
     "metadata": {},
     "output_type": "execute_result"
    }
   ],
   "source": [
    "mah_dis(x,y)"
   ]
  },
  {
   "cell_type": "code",
   "execution_count": 21,
   "id": "fbafb083",
   "metadata": {},
   "outputs": [
    {
     "data": {
      "text/plain": [
       "8.066687895596901"
      ]
     },
     "execution_count": 21,
     "metadata": {},
     "output_type": "execute_result"
    }
   ],
   "source": [
    "distance.mahalanobis(x,y,np.transpose(nba_cov))"
   ]
  },
  {
   "cell_type": "markdown",
   "id": "e4e389b7",
   "metadata": {},
   "source": [
    "# 1.3"
   ]
  },
  {
   "cell_type": "code",
   "execution_count": 25,
   "id": "982c4860",
   "metadata": {},
   "outputs": [
    {
     "data": {
      "text/plain": [
       "4.8962108153786135"
      ]
     },
     "execution_count": 25,
     "metadata": {},
     "output_type": "execute_result"
    }
   ],
   "source": [
    "def entropy(x):\n",
    "    res=0\n",
    "    x=x.value_counts(normalize=True)\n",
    "    for p in x:\n",
    "        res-=p*log2(p)\n",
    "    return res\n",
    "team_ent=entropy(nba_whole_data['TEAM'])\n",
    "team_ent"
   ]
  },
  {
   "cell_type": "code",
   "execution_count": 23,
   "id": "e348d705",
   "metadata": {},
   "outputs": [
    {
     "data": {
      "text/plain": [
       "4.8962108153786135"
      ]
     },
     "execution_count": 23,
     "metadata": {},
     "output_type": "execute_result"
    }
   ],
   "source": [
    "from scipy.stats import entropy\n",
    "entropy(nba_whole_data['TEAM'].value_counts(normalize=True),base=2)"
   ]
  },
  {
   "cell_type": "code",
   "execution_count": 26,
   "id": "1a25a39e",
   "metadata": {},
   "outputs": [
    {
     "data": {
      "text/plain": [
       "0.361234291201054"
      ]
     },
     "execution_count": 26,
     "metadata": {},
     "output_type": "execute_result"
    }
   ],
   "source": [
    "def MI(x,y):\n",
    "    assert(len(x)==len(y))\n",
    "    joint_ent=entropy(pd.concat([x,y],axis=1))\n",
    "    return entropy(x)+entropy(y)-joint_ent\n",
    "MI(nba_whole_data['TEAM'],nba_whole_data['POS'])"
   ]
  },
  {
   "cell_type": "markdown",
   "id": "d6ee909f",
   "metadata": {},
   "source": [
    "# 1.4"
   ]
  },
  {
   "cell_type": "code",
   "execution_count": 27,
   "id": "df3ecf26",
   "metadata": {},
   "outputs": [],
   "source": [
    "def mykmeans(X,k,c=None,distance=(lambda x,y: np.linalg.norm(x-y))):\n",
    "    print('Kmeans learning start')\n",
    "    X=np.array(X)\n",
    "    if not c:\n",
    "        c=X[np.random.choice(len(X),size=k,replace=False)]\n",
    "    res=[0] * len(X)\n",
    "    for iter in range(100):\n",
    "        groups=[ []for _ in range(k)]\n",
    "        distance_sum=0\n",
    "        if iter%20==19:\n",
    "            print(f'{iter+1}th iteration')\n",
    "        for i,player in enumerate(X):\n",
    "            distances=[distance(player,center) for center in c]\n",
    "            group_num=np.argmin(distances)\n",
    "            distance_sum+=distances[group_num]\n",
    "            res[i]=group_num\n",
    "            groups[group_num].append(player)\n",
    "        stop=True\n",
    "        for i, group in enumerate(groups):\n",
    "            new_center=np.array(group).mean(axis=0)\n",
    "            if np.linalg.norm(c[i]-new_center)>0.001:\n",
    "                stop=False\n",
    "            c[i] = new_center\n",
    "        if stop:\n",
    "            print(f'Early stop at {iter+1}th iteration')\n",
    "            break\n",
    "    return res, c, distance_sum/len(X), iter+1"
   ]
  },
  {
   "cell_type": "code",
   "execution_count": 28,
   "id": "10b179ce",
   "metadata": {},
   "outputs": [
    {
     "name": "stdout",
     "output_type": "stream",
     "text": [
      "Kmeans learning start\n",
      "Early stop at 10th iteration\n"
     ]
    },
    {
     "data": {
      "text/plain": [
       "([15,\n",
       "  2,\n",
       "  3,\n",
       "  5,\n",
       "  11,\n",
       "  10,\n",
       "  3,\n",
       "  4,\n",
       "  0,\n",
       "  11,\n",
       "  14,\n",
       "  12,\n",
       "  4,\n",
       "  3,\n",
       "  2,\n",
       "  19,\n",
       "  6,\n",
       "  2,\n",
       "  18,\n",
       "  12,\n",
       "  12,\n",
       "  16,\n",
       "  11,\n",
       "  15,\n",
       "  8,\n",
       "  9,\n",
       "  10,\n",
       "  17,\n",
       "  12,\n",
       "  1,\n",
       "  18,\n",
       "  11,\n",
       "  9,\n",
       "  15,\n",
       "  13,\n",
       "  16,\n",
       "  11,\n",
       "  15,\n",
       "  19,\n",
       "  18,\n",
       "  4,\n",
       "  9,\n",
       "  14,\n",
       "  13,\n",
       "  8,\n",
       "  19,\n",
       "  11,\n",
       "  2,\n",
       "  3,\n",
       "  17,\n",
       "  18,\n",
       "  15,\n",
       "  13,\n",
       "  12,\n",
       "  6,\n",
       "  8,\n",
       "  4,\n",
       "  13,\n",
       "  8,\n",
       "  14,\n",
       "  11,\n",
       "  9,\n",
       "  9,\n",
       "  0,\n",
       "  8,\n",
       "  6,\n",
       "  0,\n",
       "  18,\n",
       "  17,\n",
       "  11,\n",
       "  0,\n",
       "  16,\n",
       "  13,\n",
       "  0,\n",
       "  8,\n",
       "  11,\n",
       "  9,\n",
       "  15,\n",
       "  8,\n",
       "  19,\n",
       "  9,\n",
       "  6,\n",
       "  9,\n",
       "  3,\n",
       "  5,\n",
       "  11,\n",
       "  1,\n",
       "  16,\n",
       "  13,\n",
       "  17,\n",
       "  4,\n",
       "  18,\n",
       "  10,\n",
       "  6,\n",
       "  13,\n",
       "  11,\n",
       "  19,\n",
       "  5,\n",
       "  10,\n",
       "  12,\n",
       "  5,\n",
       "  17,\n",
       "  14,\n",
       "  16,\n",
       "  11,\n",
       "  13,\n",
       "  19,\n",
       "  10,\n",
       "  8,\n",
       "  2,\n",
       "  17,\n",
       "  1,\n",
       "  11,\n",
       "  17,\n",
       "  9,\n",
       "  12,\n",
       "  10,\n",
       "  14,\n",
       "  0,\n",
       "  11,\n",
       "  12,\n",
       "  13,\n",
       "  0,\n",
       "  8,\n",
       "  17,\n",
       "  17,\n",
       "  10,\n",
       "  13,\n",
       "  4,\n",
       "  13,\n",
       "  12,\n",
       "  9,\n",
       "  14,\n",
       "  9,\n",
       "  8,\n",
       "  2,\n",
       "  5,\n",
       "  6,\n",
       "  8,\n",
       "  10,\n",
       "  5,\n",
       "  15,\n",
       "  15,\n",
       "  4,\n",
       "  10,\n",
       "  14,\n",
       "  16,\n",
       "  17,\n",
       "  15,\n",
       "  10,\n",
       "  8,\n",
       "  15,\n",
       "  19,\n",
       "  10,\n",
       "  13,\n",
       "  1,\n",
       "  9,\n",
       "  5,\n",
       "  11,\n",
       "  0,\n",
       "  18,\n",
       "  1,\n",
       "  19,\n",
       "  4,\n",
       "  17,\n",
       "  10,\n",
       "  4,\n",
       "  3,\n",
       "  15,\n",
       "  15,\n",
       "  10,\n",
       "  4,\n",
       "  10,\n",
       "  18,\n",
       "  7,\n",
       "  1,\n",
       "  2,\n",
       "  5,\n",
       "  14,\n",
       "  6,\n",
       "  4,\n",
       "  5,\n",
       "  12,\n",
       "  15,\n",
       "  18,\n",
       "  1,\n",
       "  3,\n",
       "  13,\n",
       "  10,\n",
       "  10,\n",
       "  13,\n",
       "  10,\n",
       "  4,\n",
       "  2,\n",
       "  1,\n",
       "  10,\n",
       "  16,\n",
       "  6,\n",
       "  19,\n",
       "  3,\n",
       "  11,\n",
       "  13,\n",
       "  9,\n",
       "  14,\n",
       "  6,\n",
       "  2,\n",
       "  10,\n",
       "  1,\n",
       "  8,\n",
       "  0,\n",
       "  15,\n",
       "  18,\n",
       "  13,\n",
       "  0,\n",
       "  18,\n",
       "  4,\n",
       "  5,\n",
       "  3,\n",
       "  2,\n",
       "  19,\n",
       "  8,\n",
       "  17,\n",
       "  3,\n",
       "  11,\n",
       "  10,\n",
       "  1,\n",
       "  10,\n",
       "  8,\n",
       "  19,\n",
       "  11,\n",
       "  6,\n",
       "  13,\n",
       "  18,\n",
       "  2,\n",
       "  13,\n",
       "  4,\n",
       "  13,\n",
       "  3,\n",
       "  0,\n",
       "  2],\n",
       " array([[ 0.81418182,  0.55854545,  0.35627273, 28.02727273,  8.54545455,\n",
       "          6.2       ,  1.07181818,  0.79454545,  3.36272727],\n",
       "        [ 0.8114    ,  0.4681    ,  0.3403    , 11.42      ,  2.99      ,\n",
       "          3.88      ,  0.846     ,  0.27      ,  1.609     ],\n",
       "        [ 0.64058333,  0.60958333,  0.10233333,  8.71666667,  8.675     ,\n",
       "          1.76666667,  0.70333333,  1.13916667,  1.06916667],\n",
       "        [ 0.72618182,  0.59627273,  0.245     , 17.31818182, 11.12727273,\n",
       "          2.86363636,  0.84909091,  0.93454545,  2.24818182],\n",
       "        [ 0.72228571,  0.54357143,  0.33      ,  7.27857143,  5.15714286,\n",
       "          1.74285714,  1.00642857,  0.59      ,  0.83071429],\n",
       "        [ 0.7439    ,  0.5808    ,  0.3937    , 14.02      ,  7.22      ,\n",
       "          2.08      ,  0.658     ,  1.027     ,  1.419     ],\n",
       "        [ 0.7905    ,  0.4635    ,  0.3526    , 13.23      ,  4.52      ,\n",
       "          6.16      ,  1.29      ,  0.439     ,  2.373     ],\n",
       "        [ 0.843     ,  0.546     ,  0.33      , 14.9       ,  4.5       ,\n",
       "         10.7       ,  1.86      ,  0.31      ,  2.38      ],\n",
       "        [ 0.7624    ,  0.53633333,  0.351     , 10.56666667,  5.09333333,\n",
       "          1.89333333,  0.97133333,  0.56333333,  1.088     ],\n",
       "        [ 0.82038462,  0.51892308,  0.32792308, 23.99230769,  5.68461538,\n",
       "          5.30769231,  1.13538462,  0.57384615,  2.89384615],\n",
       "        [ 0.81466667,  0.50019048,  0.3712381 , 10.84285714,  2.63333333,\n",
       "          1.61428571,  0.63333333,  0.22571429,  0.91571429],\n",
       "        [ 0.81522222,  0.50311111,  0.37766667, 13.84444444,  3.65555556,\n",
       "          2.52222222,  0.84444444,  0.32666667,  1.38      ],\n",
       "        [ 0.7906    ,  0.5173    ,  0.3502    , 16.92      ,  6.78      ,\n",
       "          2.5       ,  0.854     ,  0.845     ,  1.625     ],\n",
       "        [ 0.81105263,  0.54242105,  0.33942105,  7.11578947,  2.79473684,\n",
       "          1.41578947,  0.68      ,  0.32578947,  0.76052632],\n",
       "        [ 0.84722222,  0.49322222,  0.36333333, 17.06666667,  4.04444444,\n",
       "          4.53333333,  0.83888889,  0.32444444,  2.14222222],\n",
       "        [ 0.71207143,  0.59064286,  0.264     ,  8.68571429,  5.07142857,\n",
       "          1.1       ,  0.66642857,  0.74642857,  0.85857143],\n",
       "        [ 0.79342857,  0.496     ,  0.36314286, 20.2       ,  4.98571429,\n",
       "          3.65714286,  1.00142857,  0.57714286,  2.05      ],\n",
       "        [ 0.76641667,  0.51941667,  0.32941667,  8.13333333,  3.30833333,\n",
       "          4.03333333,  0.99916667,  0.41583333,  1.43583333],\n",
       "        [ 0.8215    ,  0.49683333,  0.3635    , 17.19166667,  3.83333333,\n",
       "          2.19166667,  0.94333333,  0.3625    ,  1.50416667],\n",
       "        [ 0.83381818,  0.49481818,  0.33872727, 20.09090909,  5.74545455,\n",
       "          7.27272727,  1.36727273,  0.39727273,  3.05      ]]),\n",
       " 1.6654388504937352,\n",
       " 10)"
      ]
     },
     "execution_count": 28,
     "metadata": {},
     "output_type": "execute_result"
    }
   ],
   "source": [
    "mykmeans(nba_data,20)"
   ]
  },
  {
   "cell_type": "markdown",
   "id": "0988654a",
   "metadata": {},
   "source": [
    "# 1-5"
   ]
  },
  {
   "cell_type": "code",
   "execution_count": 30,
   "id": "be6b3960",
   "metadata": {
    "scrolled": false
   },
   "outputs": [
    {
     "name": "stdout",
     "output_type": "stream",
     "text": [
      "Kmeans learning start\n",
      "Early stop at 9th iteration\n"
     ]
    },
    {
     "data": {
      "text/plain": [
       "([0,\n",
       "  0,\n",
       "  1,\n",
       "  1,\n",
       "  1,\n",
       "  0,\n",
       "  1,\n",
       "  0,\n",
       "  2,\n",
       "  1,\n",
       "  1,\n",
       "  1,\n",
       "  0,\n",
       "  1,\n",
       "  0,\n",
       "  2,\n",
       "  1,\n",
       "  0,\n",
       "  1,\n",
       "  1,\n",
       "  1,\n",
       "  1,\n",
       "  1,\n",
       "  0,\n",
       "  0,\n",
       "  2,\n",
       "  0,\n",
       "  0,\n",
       "  1,\n",
       "  0,\n",
       "  1,\n",
       "  1,\n",
       "  2,\n",
       "  0,\n",
       "  0,\n",
       "  1,\n",
       "  1,\n",
       "  0,\n",
       "  1,\n",
       "  1,\n",
       "  0,\n",
       "  2,\n",
       "  1,\n",
       "  0,\n",
       "  0,\n",
       "  2,\n",
       "  0,\n",
       "  0,\n",
       "  1,\n",
       "  0,\n",
       "  1,\n",
       "  0,\n",
       "  0,\n",
       "  1,\n",
       "  1,\n",
       "  0,\n",
       "  0,\n",
       "  0,\n",
       "  0,\n",
       "  1,\n",
       "  1,\n",
       "  2,\n",
       "  2,\n",
       "  2,\n",
       "  0,\n",
       "  1,\n",
       "  2,\n",
       "  1,\n",
       "  0,\n",
       "  1,\n",
       "  2,\n",
       "  2,\n",
       "  0,\n",
       "  2,\n",
       "  0,\n",
       "  1,\n",
       "  2,\n",
       "  0,\n",
       "  0,\n",
       "  2,\n",
       "  2,\n",
       "  1,\n",
       "  2,\n",
       "  1,\n",
       "  1,\n",
       "  1,\n",
       "  1,\n",
       "  1,\n",
       "  0,\n",
       "  0,\n",
       "  0,\n",
       "  1,\n",
       "  0,\n",
       "  1,\n",
       "  0,\n",
       "  1,\n",
       "  2,\n",
       "  1,\n",
       "  0,\n",
       "  1,\n",
       "  1,\n",
       "  0,\n",
       "  1,\n",
       "  2,\n",
       "  1,\n",
       "  0,\n",
       "  1,\n",
       "  0,\n",
       "  0,\n",
       "  0,\n",
       "  0,\n",
       "  0,\n",
       "  1,\n",
       "  0,\n",
       "  2,\n",
       "  1,\n",
       "  0,\n",
       "  1,\n",
       "  2,\n",
       "  0,\n",
       "  1,\n",
       "  0,\n",
       "  2,\n",
       "  0,\n",
       "  0,\n",
       "  0,\n",
       "  0,\n",
       "  0,\n",
       "  0,\n",
       "  0,\n",
       "  1,\n",
       "  2,\n",
       "  1,\n",
       "  2,\n",
       "  0,\n",
       "  0,\n",
       "  1,\n",
       "  1,\n",
       "  0,\n",
       "  0,\n",
       "  1,\n",
       "  0,\n",
       "  0,\n",
       "  0,\n",
       "  0,\n",
       "  1,\n",
       "  2,\n",
       "  0,\n",
       "  0,\n",
       "  0,\n",
       "  0,\n",
       "  0,\n",
       "  2,\n",
       "  0,\n",
       "  0,\n",
       "  0,\n",
       "  2,\n",
       "  1,\n",
       "  1,\n",
       "  2,\n",
       "  1,\n",
       "  1,\n",
       "  2,\n",
       "  0,\n",
       "  0,\n",
       "  0,\n",
       "  0,\n",
       "  1,\n",
       "  0,\n",
       "  0,\n",
       "  0,\n",
       "  0,\n",
       "  0,\n",
       "  1,\n",
       "  1,\n",
       "  0,\n",
       "  0,\n",
       "  1,\n",
       "  1,\n",
       "  1,\n",
       "  0,\n",
       "  1,\n",
       "  1,\n",
       "  0,\n",
       "  1,\n",
       "  0,\n",
       "  2,\n",
       "  0,\n",
       "  0,\n",
       "  0,\n",
       "  0,\n",
       "  0,\n",
       "  0,\n",
       "  0,\n",
       "  0,\n",
       "  0,\n",
       "  1,\n",
       "  1,\n",
       "  1,\n",
       "  2,\n",
       "  1,\n",
       "  0,\n",
       "  2,\n",
       "  1,\n",
       "  1,\n",
       "  0,\n",
       "  0,\n",
       "  1,\n",
       "  1,\n",
       "  2,\n",
       "  0,\n",
       "  1,\n",
       "  0,\n",
       "  2,\n",
       "  1,\n",
       "  0,\n",
       "  1,\n",
       "  1,\n",
       "  0,\n",
       "  2,\n",
       "  0,\n",
       "  0,\n",
       "  1,\n",
       "  1,\n",
       "  0,\n",
       "  0,\n",
       "  0,\n",
       "  0,\n",
       "  1,\n",
       "  1,\n",
       "  1,\n",
       "  0,\n",
       "  1,\n",
       "  0,\n",
       "  0,\n",
       "  0,\n",
       "  0,\n",
       "  1,\n",
       "  2,\n",
       "  0],\n",
       " array([[ 0.76207826,  0.53871304,  0.31303478,  9.0173913 ,  4.3       ,\n",
       "          1.95391304,  0.79304348,  0.51086957,  0.99286957],\n",
       "        [ 0.7914382 ,  0.51824719,  0.34802247, 15.66179775,  5.47303371,\n",
       "          3.42808989,  0.91797753,  0.5688764 ,  1.80988764],\n",
       "        [ 0.82058333,  0.52416667,  0.34186111, 24.14444444,  6.84444444,\n",
       "          5.90277778,  1.16916667,  0.59805556,  3.06944444]]),\n",
       " 3.283284773082975,\n",
       " 9)"
      ]
     },
     "execution_count": 30,
     "metadata": {},
     "output_type": "execute_result"
    }
   ],
   "source": [
    "mykmeans(nba_data,3,distance=mink_dis)"
   ]
  },
  {
   "cell_type": "code",
   "execution_count": 31,
   "id": "e2e7199b",
   "metadata": {},
   "outputs": [
    {
     "name": "stdout",
     "output_type": "stream",
     "text": [
      "Kmeans learning start\n",
      "Early stop at 7th iteration\n"
     ]
    },
    {
     "data": {
      "text/plain": [
       "([1,\n",
       "  1,\n",
       "  1,\n",
       "  2,\n",
       "  2,\n",
       "  2,\n",
       "  1,\n",
       "  1,\n",
       "  2,\n",
       "  2,\n",
       "  0,\n",
       "  2,\n",
       "  1,\n",
       "  1,\n",
       "  1,\n",
       "  0,\n",
       "  0,\n",
       "  1,\n",
       "  2,\n",
       "  2,\n",
       "  1,\n",
       "  2,\n",
       "  2,\n",
       "  1,\n",
       "  1,\n",
       "  0,\n",
       "  2,\n",
       "  0,\n",
       "  2,\n",
       "  0,\n",
       "  2,\n",
       "  2,\n",
       "  2,\n",
       "  1,\n",
       "  2,\n",
       "  2,\n",
       "  2,\n",
       "  1,\n",
       "  0,\n",
       "  2,\n",
       "  1,\n",
       "  2,\n",
       "  0,\n",
       "  2,\n",
       "  2,\n",
       "  2,\n",
       "  2,\n",
       "  1,\n",
       "  1,\n",
       "  0,\n",
       "  2,\n",
       "  1,\n",
       "  2,\n",
       "  1,\n",
       "  0,\n",
       "  2,\n",
       "  1,\n",
       "  1,\n",
       "  1,\n",
       "  0,\n",
       "  2,\n",
       "  2,\n",
       "  2,\n",
       "  2,\n",
       "  2,\n",
       "  0,\n",
       "  0,\n",
       "  2,\n",
       "  0,\n",
       "  2,\n",
       "  2,\n",
       "  2,\n",
       "  1,\n",
       "  2,\n",
       "  1,\n",
       "  2,\n",
       "  2,\n",
       "  1,\n",
       "  2,\n",
       "  0,\n",
       "  2,\n",
       "  0,\n",
       "  2,\n",
       "  1,\n",
       "  2,\n",
       "  2,\n",
       "  0,\n",
       "  2,\n",
       "  2,\n",
       "  1,\n",
       "  1,\n",
       "  2,\n",
       "  2,\n",
       "  0,\n",
       "  0,\n",
       "  2,\n",
       "  0,\n",
       "  1,\n",
       "  2,\n",
       "  2,\n",
       "  1,\n",
       "  0,\n",
       "  2,\n",
       "  2,\n",
       "  2,\n",
       "  0,\n",
       "  0,\n",
       "  2,\n",
       "  1,\n",
       "  1,\n",
       "  0,\n",
       "  2,\n",
       "  2,\n",
       "  0,\n",
       "  2,\n",
       "  2,\n",
       "  2,\n",
       "  0,\n",
       "  2,\n",
       "  2,\n",
       "  2,\n",
       "  1,\n",
       "  1,\n",
       "  2,\n",
       "  0,\n",
       "  0,\n",
       "  2,\n",
       "  2,\n",
       "  1,\n",
       "  2,\n",
       "  1,\n",
       "  2,\n",
       "  2,\n",
       "  0,\n",
       "  1,\n",
       "  1,\n",
       "  1,\n",
       "  0,\n",
       "  1,\n",
       "  2,\n",
       "  2,\n",
       "  2,\n",
       "  2,\n",
       "  1,\n",
       "  2,\n",
       "  2,\n",
       "  2,\n",
       "  0,\n",
       "  1,\n",
       "  2,\n",
       "  0,\n",
       "  1,\n",
       "  2,\n",
       "  2,\n",
       "  0,\n",
       "  0,\n",
       "  2,\n",
       "  1,\n",
       "  2,\n",
       "  2,\n",
       "  2,\n",
       "  0,\n",
       "  0,\n",
       "  1,\n",
       "  0,\n",
       "  2,\n",
       "  1,\n",
       "  1,\n",
       "  1,\n",
       "  1,\n",
       "  2,\n",
       "  1,\n",
       "  2,\n",
       "  2,\n",
       "  0,\n",
       "  0,\n",
       "  1,\n",
       "  1,\n",
       "  2,\n",
       "  0,\n",
       "  1,\n",
       "  1,\n",
       "  2,\n",
       "  1,\n",
       "  2,\n",
       "  0,\n",
       "  1,\n",
       "  2,\n",
       "  2,\n",
       "  2,\n",
       "  2,\n",
       "  2,\n",
       "  1,\n",
       "  1,\n",
       "  0,\n",
       "  2,\n",
       "  2,\n",
       "  0,\n",
       "  0,\n",
       "  1,\n",
       "  0,\n",
       "  2,\n",
       "  2,\n",
       "  2,\n",
       "  0,\n",
       "  1,\n",
       "  2,\n",
       "  0,\n",
       "  2,\n",
       "  2,\n",
       "  1,\n",
       "  2,\n",
       "  2,\n",
       "  2,\n",
       "  2,\n",
       "  1,\n",
       "  1,\n",
       "  1,\n",
       "  1,\n",
       "  0,\n",
       "  2,\n",
       "  0,\n",
       "  1,\n",
       "  2,\n",
       "  2,\n",
       "  0,\n",
       "  2,\n",
       "  1,\n",
       "  0,\n",
       "  2,\n",
       "  0,\n",
       "  1,\n",
       "  2,\n",
       "  1,\n",
       "  1,\n",
       "  1,\n",
       "  2,\n",
       "  1,\n",
       "  0,\n",
       "  1],\n",
       " array([[ 0.80658491,  0.48330189,  0.34162264, 13.88301887,  4.09811321,\n",
       "          5.38490566,  1.07471698,  0.34811321,  2.17735849],\n",
       "        [ 0.71375342,  0.57928767,  0.27853425, 10.77945205,  7.1260274 ,\n",
       "          2.02054795,  0.80575342,  0.84273973,  1.29273973],\n",
       "        [ 0.81372807,  0.51792105,  0.35825439, 15.59122807,  4.30350877,\n",
       "          2.71403509,  0.87026316,  0.44684211,  1.54377193]]),\n",
       " -0.9918073796184519,\n",
       " 7)"
      ]
     },
     "execution_count": 31,
     "metadata": {},
     "output_type": "execute_result"
    }
   ],
   "source": [
    "mykmeans(nba_data,3,distance=(lambda x,y: -cos_sim(x,y)))"
   ]
  },
  {
   "cell_type": "code",
   "execution_count": 32,
   "id": "f826e4f3",
   "metadata": {},
   "outputs": [
    {
     "name": "stdout",
     "output_type": "stream",
     "text": [
      "Kmeans learning start\n",
      "Early stop at 19th iteration\n"
     ]
    },
    {
     "data": {
      "text/plain": [
       "([0,\n",
       "  1,\n",
       "  3,\n",
       "  4,\n",
       "  4,\n",
       "  0,\n",
       "  3,\n",
       "  1,\n",
       "  2,\n",
       "  4,\n",
       "  3,\n",
       "  3,\n",
       "  1,\n",
       "  3,\n",
       "  0,\n",
       "  3,\n",
       "  4,\n",
       "  0,\n",
       "  3,\n",
       "  3,\n",
       "  3,\n",
       "  3,\n",
       "  4,\n",
       "  1,\n",
       "  0,\n",
       "  2,\n",
       "  0,\n",
       "  0,\n",
       "  3,\n",
       "  0,\n",
       "  3,\n",
       "  4,\n",
       "  2,\n",
       "  0,\n",
       "  1,\n",
       "  3,\n",
       "  4,\n",
       "  1,\n",
       "  3,\n",
       "  3,\n",
       "  1,\n",
       "  2,\n",
       "  3,\n",
       "  1,\n",
       "  0,\n",
       "  3,\n",
       "  4,\n",
       "  0,\n",
       "  4,\n",
       "  1,\n",
       "  4,\n",
       "  1,\n",
       "  1,\n",
       "  3,\n",
       "  4,\n",
       "  0,\n",
       "  1,\n",
       "  1,\n",
       "  0,\n",
       "  3,\n",
       "  4,\n",
       "  2,\n",
       "  2,\n",
       "  2,\n",
       "  0,\n",
       "  4,\n",
       "  2,\n",
       "  3,\n",
       "  1,\n",
       "  4,\n",
       "  2,\n",
       "  3,\n",
       "  1,\n",
       "  2,\n",
       "  0,\n",
       "  4,\n",
       "  2,\n",
       "  0,\n",
       "  0,\n",
       "  2,\n",
       "  2,\n",
       "  4,\n",
       "  2,\n",
       "  3,\n",
       "  4,\n",
